//setPair
+++++++++++++++++++++++++++++++++++++++++++
52 46 
D6 
01 
00 00 
41 45 41 30 36 33 34 30 30 35
30 30 30 30 30 30 30 30 30 30 
15 
00 06 
00 
00 00 
01 
32 
07 
EE FA
// setPair ACK
+++++++++++++++++++++++++++++++++++++++++++
52 46 
D6 
01 
00 80 
41 45 41 30 36 33 34 30 30 35 
53 50 43 54 31 31 32 32 32 33 
15 
00 06
00 
00 80 
01 
32 
07 
4F CC
// exitPair
+++++++++++++++++++++++++++++++++++++++++++
52 46 
D7 
01 
00 80 
41 45 41 30 36 33 34 30 30 35
53 50 43 54 31 31 32 32 32 33 
15 
00 06
01 
00 00 
01 
32 
07 
9E 89
// exitPair ACK
+++++++++++++++++++++++++++++++++++++++++++
52 46 
D7 
01 
00 80 
41 45 41 30 36 33 34 30 30 35 
53 50 43 54 31 31 32 32 32 33 
15 
00 01 
30 
35 C4 